19147512
2181001
310739181
41930008
11493146
7577086
19814807
475985153
226400871
169944546
8734556
145239325
492456340
89066983
39660085
23128836
157272038
2103890
523506825
23389418
7865324
476525172
35321788
176003
2526884
365525
228216115
53752351
2460920
8116412
56889885
815654
1742630
8845581
4415948
48917
13458622
17236262
36977194
8160483
20634766
20542767
243212268
254138198
22717375
27398854
13625412
554093
488616
296099
923453
8350763
39303609
19933407
5466123
26493272
6552762
54831598
1768861
7861137
11227271
231763175
4202475
186970
33709403
24434095
19170040
4012943
15134464
12324885
7619378
4708334

